\begin{tikzpicture}[]
\begin{ternaryaxis}[
  ylabel = {$P(1\text{ failed component})$},
  title = {Policy},
  zlabel = {$P(2\text{ failed components})$},
  xlabel = {$P(0\text{ failed components})$},
  width=6.75cm,label style=sloped, ternary limits relative=false, area style, legend style={draw=none, xshift=0.25cm, font=\footnotesize}, legend cell align={left},
]

\addplot3+[
  fill=pastelRed, draw=white
] coordinates {
  (1.0333333333333332, -0.06666666666666665, 0.03333333333333344)
  (1.0666666666666667, -0.033333333333333326, -0.033333333333333326)
  (1.0333333333333332, 0.03333333333333338, -0.0666666666666666)
  (0.9666666666666667, 0.06666666666666665, -0.033333333333333326)
  (0.9333333333333333, 0.033333333333333326, 0.033333333333333326)
  (0.9666666666666667, -0.03333333333333338, 0.06666666666666671)
};
\addlegendentry{{}{manufacture}}

\addplot3+[
  forget plot, fill=pastelRed, draw=white
] coordinates {
  (0.9333333333333333, 0.033333333333333326, 0.033333333333333326)
  (0.9666666666666667, 0.06666666666666665, -0.033333333333333326)
  (0.9333333333333333, 0.1333333333333333, -0.06666666666666665)
  (0.8666666666666667, 0.16666666666666663, -0.033333333333333326)
  (0.8333333333333334, 0.1333333333333333, 0.033333333333333326)
  (0.8666666666666667, 0.06666666666666665, 0.06666666666666665)
};

\addplot3+[
  forget plot, fill=pastelRed, draw=white
] coordinates {
  (0.9333333333333333, -0.06666666666666676, 0.13333333333333341)
  (0.9666666666666667, -0.03333333333333338, 0.06666666666666671)
  (0.9333333333333333, 0.033333333333333326, 0.033333333333333326)
  (0.8666666666666667, 0.06666666666666665, 0.06666666666666665)
  (0.8333333333333334, 0.03333333333333327, 0.13333333333333336)
  (0.8666666666666667, -0.03333333333333344, 0.16666666666666674)
};

\addplot3+[
  forget plot, fill=pastelRed, draw=white
] coordinates {
  (0.8333333333333334, 0.1333333333333333, 0.033333333333333326)
  (0.8666666666666667, 0.16666666666666663, -0.033333333333333326)
  (0.8333333333333334, 0.23333333333333328, -0.06666666666666665)
  (0.7666666666666667, 0.2666666666666666, -0.033333333333333326)
  (0.7333333333333334, 0.23333333333333328, 0.033333333333333326)
  (0.7666666666666667, 0.16666666666666663, 0.06666666666666665)
};

\addplot3+[
  forget plot, fill=pastelRed, draw=white
] coordinates {
  (0.8333333333333334, 0.03333333333333327, 0.13333333333333336)
  (0.8666666666666667, 0.06666666666666665, 0.06666666666666665)
  (0.8333333333333334, 0.1333333333333333, 0.033333333333333326)
  (0.7666666666666667, 0.16666666666666663, 0.06666666666666665)
  (0.7333333333333334, 0.1333333333333333, 0.1333333333333333)
  (0.7666666666666667, 0.0666666666666666, 0.16666666666666669)
};

\addplot3+[
  forget plot, fill=pastelRed, draw=white
] coordinates {
  (0.7333333333333333, 0.2333333333333334, 0.033333333333333326)
  (0.7666666666666666, 0.2666666666666667, -0.033333333333333326)
  (0.7333333333333333, 0.33333333333333337, -0.06666666666666665)
  (0.6666666666666666, 0.3666666666666667, -0.033333333333333326)
  (0.6333333333333333, 0.33333333333333337, 0.033333333333333326)
  (0.6666666666666666, 0.2666666666666667, 0.06666666666666665)
};

\addplot3+[
  forget plot, fill=pastelRed, draw=white
] coordinates {
  (0.7333333333333333, 0.13333333333333341, 0.1333333333333333)
  (0.7666666666666666, 0.16666666666666674, 0.06666666666666665)
  (0.7333333333333333, 0.2333333333333334, 0.033333333333333326)
  (0.6666666666666666, 0.2666666666666667, 0.06666666666666665)
  (0.6333333333333333, 0.2333333333333334, 0.1333333333333333)
  (0.6666666666666666, 0.16666666666666674, 0.16666666666666663)
};

\addplot3+[
  forget plot, fill=pastelRed, draw=white
] coordinates {
  (0.7333333333333333, 0.03333333333333327, 0.23333333333333345)
  (0.7666666666666666, 0.06666666666666665, 0.16666666666666674)
  (0.7333333333333333, 0.13333333333333336, 0.13333333333333336)
  (0.6666666666666666, 0.16666666666666669, 0.16666666666666669)
  (0.6333333333333333, 0.1333333333333333, 0.2333333333333334)
  (0.6666666666666666, 0.0666666666666666, 0.2666666666666668)
};

\addplot3+[
  forget plot, fill=pastelRed, draw=white
] coordinates {
  (0.6333333333333333, 0.33333333333333337, 0.033333333333333326)
  (0.6666666666666666, 0.3666666666666667, -0.033333333333333326)
  (0.6333333333333333, 0.43333333333333335, -0.06666666666666665)
  (0.5666666666666667, 0.4666666666666667, -0.033333333333333326)
  (0.5333333333333333, 0.43333333333333335, 0.033333333333333326)
  (0.5666666666666667, 0.3666666666666667, 0.06666666666666665)
};

\addplot3+[
  forget plot, fill=pastelRed, draw=white
] coordinates {
  (0.6333333333333333, 0.23333333333333334, 0.13333333333333336)
  (0.6666666666666666, 0.26666666666666666, 0.06666666666666671)
  (0.6333333333333333, 0.3333333333333333, 0.03333333333333338)
  (0.5666666666666667, 0.36666666666666664, 0.06666666666666671)
  (0.5333333333333333, 0.3333333333333333, 0.13333333333333336)
  (0.5666666666666667, 0.26666666666666666, 0.16666666666666669)
};

\addplot3+[
  forget plot, fill=pastelRed, draw=white
] coordinates {
  (0.6333333333333333, 0.1333333333333333, 0.2333333333333334)
  (0.6666666666666666, 0.16666666666666669, 0.16666666666666669)
  (0.6333333333333333, 0.23333333333333334, 0.13333333333333336)
  (0.5666666666666667, 0.26666666666666666, 0.16666666666666669)
  (0.5333333333333333, 0.23333333333333334, 0.23333333333333334)
  (0.5666666666666667, 0.16666666666666663, 0.2666666666666667)
};

\addplot3+[
  forget plot, fill=pastelRed, draw=white
] coordinates {
  (0.5333333333333333, 0.43333333333333335, 0.033333333333333326)
  (0.5666666666666667, 0.4666666666666667, -0.033333333333333326)
  (0.5333333333333333, 0.5333333333333333, -0.06666666666666665)
  (0.4666666666666667, 0.5666666666666667, -0.033333333333333326)
  (0.4333333333333333, 0.5333333333333333, 0.033333333333333354)
  (0.4666666666666667, 0.4666666666666667, 0.06666666666666665)
};

\addplot3+[
  forget plot, fill=pastelRed, draw=white
] coordinates {
  (0.5333333333333333, 0.33333333333333337, 0.1333333333333333)
  (0.5666666666666667, 0.3666666666666667, 0.06666666666666665)
  (0.5333333333333333, 0.43333333333333335, 0.033333333333333326)
  (0.4666666666666667, 0.4666666666666667, 0.06666666666666665)
  (0.4333333333333333, 0.43333333333333335, 0.13333333333333333)
  (0.4666666666666667, 0.3666666666666667, 0.16666666666666663)
};

\addplot3+[
  forget plot, fill=pastelRed, draw=white
] coordinates {
  (0.5333333333333333, 0.23333333333333334, 0.23333333333333334)
  (0.5666666666666667, 0.26666666666666666, 0.16666666666666669)
  (0.5333333333333333, 0.3333333333333333, 0.13333333333333336)
  (0.4666666666666667, 0.36666666666666664, 0.16666666666666669)
  (0.4333333333333333, 0.33333333333333326, 0.23333333333333336)
  (0.4666666666666667, 0.26666666666666666, 0.26666666666666666)
};

\addplot3+[
  forget plot, fill=pastelRed, draw=white
] coordinates {
  (0.5333333333333333, 0.13333333333333325, 0.3333333333333334)
  (0.5666666666666667, 0.16666666666666663, 0.2666666666666667)
  (0.5333333333333333, 0.23333333333333334, 0.23333333333333334)
  (0.4666666666666667, 0.26666666666666666, 0.26666666666666666)
  (0.4333333333333333, 0.23333333333333328, 0.33333333333333337)
  (0.4666666666666667, 0.16666666666666657, 0.36666666666666675)
};

\addplot3+[
  forget plot, fill=pastelRed, draw=white
] coordinates {
  (0.43333333333333335, 0.5333333333333333, 0.033333333333333326)
  (0.46666666666666673, 0.5666666666666665, -0.033333333333333354)
  (0.43333333333333335, 0.6333333333333333, -0.06666666666666665)
  (0.3666666666666667, 0.6666666666666666, -0.033333333333333326)
  (0.3333333333333333, 0.6333333333333334, 0.033333333333333354)
  (0.3666666666666667, 0.5666666666666667, 0.06666666666666665)
};

\addplot3+[
  forget plot, fill=pastelRed, draw=white
] coordinates {
  (0.43333333333333335, 0.4333333333333333, 0.13333333333333336)
  (0.46666666666666673, 0.46666666666666656, 0.06666666666666668)
  (0.43333333333333335, 0.5333333333333332, 0.03333333333333338)
  (0.3666666666666667, 0.5666666666666667, 0.06666666666666671)
  (0.3333333333333333, 0.5333333333333333, 0.1333333333333334)
  (0.3666666666666667, 0.4666666666666666, 0.16666666666666669)
};

\addplot3+[
  forget plot, fill=pastelRed, draw=white
] coordinates {
  (0.43333333333333335, 0.3333333333333333, 0.23333333333333334)
  (0.46666666666666673, 0.3666666666666666, 0.16666666666666666)
  (0.43333333333333335, 0.4333333333333333, 0.13333333333333336)
  (0.3666666666666667, 0.4666666666666666, 0.16666666666666669)
  (0.3333333333333333, 0.43333333333333335, 0.23333333333333336)
  (0.3666666666666667, 0.36666666666666664, 0.26666666666666666)
};

\addplot3+[
  forget plot, fill=pastelRed, draw=white
] coordinates {
  (0.43333333333333335, 0.23333333333333328, 0.33333333333333337)
  (0.46666666666666673, 0.2666666666666666, 0.2666666666666666)
  (0.43333333333333335, 0.3333333333333333, 0.23333333333333334)
  (0.3666666666666667, 0.36666666666666664, 0.26666666666666666)
  (0.3333333333333333, 0.33333333333333337, 0.33333333333333337)
  (0.3666666666666667, 0.2666666666666666, 0.3666666666666667)
};

\addplot3+[
  forget plot, fill=pastelRed, draw=white
] coordinates {
  (0.43333333333333335, 0.1333333333333332, 0.43333333333333346)
  (0.46666666666666673, 0.16666666666666652, 0.3666666666666667)
  (0.43333333333333335, 0.23333333333333328, 0.33333333333333337)
  (0.3666666666666667, 0.2666666666666666, 0.3666666666666667)
  (0.3333333333333333, 0.23333333333333328, 0.43333333333333346)
  (0.3666666666666667, 0.16666666666666652, 0.4666666666666668)
};

\addplot3+[
  forget plot, fill=pastelRed, draw=white
] coordinates {
  (0.3333333333333333, 0.6333333333333334, 0.033333333333333354)
  (0.3666666666666667, 0.6666666666666666, -0.033333333333333354)
  (0.3333333333333333, 0.7333333333333334, -0.06666666666666667)
  (0.26666666666666666, 0.7666666666666667, -0.03333333333333334)
  (0.23333333333333328, 0.7333333333333334, 0.033333333333333354)
  (0.26666666666666666, 0.6666666666666667, 0.06666666666666668)
};

\addplot3+[
  forget plot, fill=pastelRed, draw=white
] coordinates {
  (0.3333333333333333, 0.5333333333333334, 0.13333333333333333)
  (0.3666666666666667, 0.5666666666666667, 0.06666666666666665)
  (0.3333333333333333, 0.6333333333333334, 0.033333333333333354)
  (0.26666666666666666, 0.6666666666666667, 0.06666666666666668)
  (0.23333333333333328, 0.6333333333333333, 0.13333333333333336)
  (0.26666666666666666, 0.5666666666666668, 0.16666666666666666)
};

\addplot3+[
  forget plot, fill=pastelRed, draw=white
] coordinates {
  (0.3333333333333333, 0.43333333333333346, 0.2333333333333333)
  (0.3666666666666667, 0.4666666666666667, 0.16666666666666663)
  (0.3333333333333333, 0.5333333333333334, 0.13333333333333333)
  (0.26666666666666666, 0.5666666666666668, 0.16666666666666666)
  (0.23333333333333328, 0.5333333333333334, 0.23333333333333334)
  (0.26666666666666666, 0.4666666666666668, 0.2666666666666666)
};

\addplot3+[
  forget plot, fill=pastelRed, draw=white
] coordinates {
  (0.3333333333333333, 0.3333333333333335, 0.33333333333333326)
  (0.3666666666666667, 0.3666666666666667, 0.2666666666666666)
  (0.3333333333333333, 0.43333333333333346, 0.2333333333333333)
  (0.26666666666666666, 0.4666666666666668, 0.2666666666666666)
  (0.23333333333333328, 0.4333333333333334, 0.3333333333333333)
  (0.26666666666666666, 0.3666666666666668, 0.3666666666666666)
};

\addplot3+[
  forget plot, fill=pastelRed, draw=white
] coordinates {
  (0.3333333333333333, 0.23333333333333328, 0.43333333333333346)
  (0.3666666666666667, 0.2666666666666666, 0.3666666666666667)
  (0.3333333333333333, 0.33333333333333337, 0.33333333333333337)
  (0.26666666666666666, 0.3666666666666667, 0.3666666666666667)
  (0.23333333333333328, 0.3333333333333333, 0.4333333333333334)
  (0.26666666666666666, 0.2666666666666666, 0.4666666666666668)
};

\addplot3+[
  forget plot, fill=pastelRed, draw=white
] coordinates {
  (0.23333333333333336, 0.7333333333333333, 0.03333333333333334)
  (0.2666666666666667, 0.7666666666666666, -0.033333333333333354)
  (0.23333333333333336, 0.8333333333333333, -0.06666666666666668)
  (0.16666666666666666, 0.8666666666666667, -0.033333333333333326)
  (0.13333333333333333, 0.8333333333333334, 0.03333333333333334)
  (0.16666666666666666, 0.7666666666666667, 0.0666666666666667)
};

\addplot3+[
  forget plot, fill=pastelRed, draw=white
] coordinates {
  (0.23333333333333336, 0.6333333333333333, 0.1333333333333333)
  (0.2666666666666667, 0.6666666666666666, 0.06666666666666665)
  (0.23333333333333336, 0.7333333333333333, 0.03333333333333334)
  (0.16666666666666666, 0.7666666666666667, 0.0666666666666667)
  (0.13333333333333333, 0.7333333333333334, 0.13333333333333336)
  (0.16666666666666666, 0.6666666666666667, 0.16666666666666669)
};

\addplot3+[
  forget plot, fill=pastelRed, draw=white
] coordinates {
  (0.23333333333333336, 0.5333333333333332, 0.23333333333333334)
  (0.2666666666666667, 0.5666666666666667, 0.16666666666666669)
  (0.23333333333333336, 0.6333333333333333, 0.13333333333333336)
  (0.16666666666666666, 0.6666666666666666, 0.16666666666666674)
  (0.13333333333333333, 0.6333333333333333, 0.2333333333333334)
  (0.16666666666666666, 0.5666666666666667, 0.2666666666666667)
};

\addplot3+[
  fill=pastelGreen, draw=white
] coordinates {
  (0.8333333333333334, -0.06666666666666682, 0.23333333333333345)
  (0.8666666666666667, -0.03333333333333344, 0.16666666666666674)
  (0.8333333333333334, 0.03333333333333327, 0.13333333333333336)
  (0.7666666666666667, 0.0666666666666666, 0.16666666666666669)
  (0.7333333333333334, 0.033333333333333215, 0.2333333333333334)
  (0.7666666666666667, -0.03333333333333349, 0.2666666666666668)
};
\addlegendentry{{}{examine}}

\addplot3+[
  forget plot, fill=pastelGreen, draw=white
] coordinates {
  (0.7333333333333333, -0.0666666666666666, 0.3333333333333333)
  (0.7666666666666666, -0.033333333333333215, 0.2666666666666666)
  (0.7333333333333333, 0.03333333333333349, 0.23333333333333323)
  (0.6666666666666666, 0.06666666666666682, 0.26666666666666655)
  (0.6333333333333333, 0.03333333333333344, 0.33333333333333326)
  (0.6666666666666666, -0.03333333333333327, 0.36666666666666664)
};

\addplot3+[
  forget plot, fill=pastelGreen, draw=white
] coordinates {
  (0.6333333333333333, 0.033333333333333326, 0.33333333333333337)
  (0.6666666666666666, 0.06666666666666671, 0.26666666666666666)
  (0.6333333333333333, 0.13333333333333341, 0.23333333333333328)
  (0.5666666666666667, 0.16666666666666674, 0.2666666666666666)
  (0.5333333333333333, 0.13333333333333336, 0.3333333333333333)
  (0.5666666666666667, 0.06666666666666665, 0.3666666666666667)
};

\addplot3+[
  forget plot, fill=pastelGreen, draw=white
] coordinates {
  (0.6333333333333333, -0.06666666666666665, 0.43333333333333335)
  (0.6666666666666666, -0.03333333333333327, 0.36666666666666664)
  (0.6333333333333333, 0.03333333333333344, 0.33333333333333326)
  (0.5666666666666667, 0.06666666666666676, 0.3666666666666666)
  (0.5333333333333333, 0.03333333333333338, 0.4333333333333333)
  (0.5666666666666667, -0.033333333333333326, 0.4666666666666667)
};

\addplot3+[
  forget plot, fill=pastelGreen, draw=white
] coordinates {
  (0.5333333333333333, 0.03333333333333327, 0.4333333333333334)
  (0.5666666666666667, 0.06666666666666665, 0.3666666666666667)
  (0.5333333333333333, 0.13333333333333336, 0.3333333333333333)
  (0.4666666666666667, 0.16666666666666669, 0.36666666666666664)
  (0.4333333333333333, 0.1333333333333333, 0.43333333333333335)
  (0.4666666666666667, 0.0666666666666666, 0.46666666666666673)
};

\addplot3+[
  forget plot, fill=pastelGreen, draw=white
] coordinates {
  (0.5333333333333333, -0.06666666666666676, 0.5333333333333334)
  (0.5666666666666667, -0.033333333333333326, 0.4666666666666667)
  (0.5333333333333333, 0.03333333333333338, 0.4333333333333333)
  (0.4666666666666667, 0.06666666666666671, 0.4666666666666666)
  (0.4333333333333333, 0.033333333333333326, 0.5333333333333333)
  (0.4666666666666667, -0.033333333333333326, 0.5666666666666667)
};

\addplot3+[
  forget plot, fill=pastelGreen, draw=white
] coordinates {
  (0.43333333333333335, 0.033333333333333326, 0.5333333333333333)
  (0.46666666666666673, 0.06666666666666665, 0.46666666666666656)
  (0.43333333333333335, 0.13333333333333341, 0.43333333333333324)
  (0.3666666666666667, 0.16666666666666674, 0.46666666666666656)
  (0.3333333333333333, 0.13333333333333341, 0.5333333333333333)
  (0.3666666666666667, 0.06666666666666665, 0.5666666666666667)
};

\addplot3+[
  forget plot, fill=pastelGreen, draw=white
] coordinates {
  (0.43333333333333335, -0.06666666666666676, 0.6333333333333334)
  (0.46666666666666673, -0.03333333333333344, 0.5666666666666667)
  (0.43333333333333335, 0.033333333333333326, 0.5333333333333333)
  (0.3666666666666667, 0.06666666666666665, 0.5666666666666667)
  (0.3333333333333333, 0.033333333333333326, 0.6333333333333334)
  (0.3666666666666667, -0.03333333333333344, 0.6666666666666667)
};

\addplot3+[
  forget plot, fill=pastelGreen, draw=white
] coordinates {
  (0.3333333333333333, -0.06666666666666665, 0.7333333333333334)
  (0.3666666666666667, -0.033333333333333326, 0.6666666666666666)
  (0.3333333333333333, 0.03333333333333344, 0.6333333333333333)
  (0.26666666666666666, 0.06666666666666676, 0.6666666666666666)
  (0.23333333333333328, 0.033333333333333326, 0.7333333333333334)
  (0.26666666666666666, -0.033333333333333326, 0.7666666666666667)
};

\addplot3+[
  fill=pastelBlue, draw=white
] coordinates {
  (0.3333333333333333, 0.1333333333333333, 0.5333333333333334)
  (0.3666666666666667, 0.16666666666666663, 0.4666666666666667)
  (0.3333333333333333, 0.2333333333333334, 0.43333333333333335)
  (0.26666666666666666, 0.2666666666666667, 0.4666666666666667)
  (0.23333333333333328, 0.23333333333333328, 0.5333333333333334)
  (0.26666666666666666, 0.16666666666666663, 0.5666666666666668)
};
\addlegendentry{{}{interrupt}}

\addplot3+[
  forget plot, fill=pastelBlue, draw=white
] coordinates {
  (0.3333333333333333, 0.033333333333333326, 0.6333333333333334)
  (0.3666666666666667, 0.06666666666666665, 0.5666666666666667)
  (0.3333333333333333, 0.13333333333333341, 0.5333333333333333)
  (0.26666666666666666, 0.16666666666666674, 0.5666666666666667)
  (0.23333333333333328, 0.13333333333333341, 0.6333333333333333)
  (0.26666666666666666, 0.06666666666666665, 0.6666666666666667)
};

\addplot3+[
  forget plot, fill=pastelBlue, draw=white
] coordinates {
  (0.23333333333333336, 0.4333333333333333, 0.3333333333333333)
  (0.2666666666666667, 0.4666666666666666, 0.26666666666666666)
  (0.23333333333333336, 0.5333333333333332, 0.23333333333333334)
  (0.16666666666666666, 0.5666666666666667, 0.2666666666666667)
  (0.13333333333333333, 0.5333333333333333, 0.33333333333333337)
  (0.16666666666666666, 0.4666666666666667, 0.3666666666666667)
};

\addplot3+[
  forget plot, fill=pastelBlue, draw=white
] coordinates {
  (0.23333333333333336, 0.33333333333333326, 0.43333333333333335)
  (0.2666666666666667, 0.36666666666666664, 0.36666666666666664)
  (0.23333333333333336, 0.4333333333333333, 0.3333333333333333)
  (0.16666666666666666, 0.4666666666666667, 0.3666666666666667)
  (0.13333333333333333, 0.43333333333333335, 0.43333333333333335)
  (0.16666666666666666, 0.36666666666666664, 0.46666666666666673)
};

\addplot3+[
  forget plot, fill=pastelBlue, draw=white
] coordinates {
  (0.23333333333333336, 0.23333333333333328, 0.5333333333333333)
  (0.2666666666666667, 0.26666666666666666, 0.4666666666666666)
  (0.23333333333333336, 0.33333333333333337, 0.43333333333333324)
  (0.16666666666666666, 0.36666666666666675, 0.4666666666666666)
  (0.13333333333333333, 0.33333333333333337, 0.5333333333333333)
  (0.16666666666666666, 0.2666666666666667, 0.5666666666666667)
};

\addplot3+[
  forget plot, fill=pastelBlue, draw=white
] coordinates {
  (0.23333333333333336, 0.1333333333333333, 0.6333333333333333)
  (0.2666666666666667, 0.16666666666666663, 0.5666666666666667)
  (0.23333333333333336, 0.2333333333333334, 0.5333333333333332)
  (0.16666666666666666, 0.26666666666666683, 0.5666666666666665)
  (0.13333333333333333, 0.2333333333333334, 0.6333333333333333)
  (0.16666666666666666, 0.16666666666666674, 0.6666666666666666)
};

\addplot3+[
  forget plot, fill=pastelBlue, draw=white
] coordinates {
  (0.23333333333333336, 0.033333333333333326, 0.7333333333333333)
  (0.2666666666666667, 0.06666666666666676, 0.6666666666666665)
  (0.23333333333333336, 0.13333333333333341, 0.6333333333333332)
  (0.16666666666666666, 0.16666666666666685, 0.6666666666666665)
  (0.13333333333333333, 0.13333333333333341, 0.7333333333333333)
  (0.16666666666666666, 0.06666666666666676, 0.7666666666666666)
};

\addplot3+[
  forget plot, fill=pastelBlue, draw=white
] coordinates {
  (0.13333333333333336, 0.8333333333333334, 0.033333333333333326)
  (0.16666666666666666, 0.8666666666666667, -0.033333333333333326)
  (0.13333333333333336, 0.9333333333333333, -0.06666666666666668)
  (0.06666666666666667, 0.9666666666666667, -0.03333333333333333)
  (0.03333333333333333, 0.9333333333333333, 0.03333333333333334)
  (0.06666666666666667, 0.8666666666666667, 0.06666666666666668)
};

\addplot3+[
  forget plot, fill=pastelBlue, draw=white
] coordinates {
  (0.13333333333333336, 0.7333333333333334, 0.13333333333333333)
  (0.16666666666666666, 0.7666666666666667, 0.0666666666666667)
  (0.13333333333333336, 0.8333333333333334, 0.03333333333333334)
  (0.06666666666666667, 0.8666666666666667, 0.06666666666666668)
  (0.03333333333333333, 0.8333333333333333, 0.13333333333333336)
  (0.06666666666666667, 0.7666666666666666, 0.16666666666666669)
};

\addplot3+[
  forget plot, fill=pastelBlue, draw=white
] coordinates {
  (0.13333333333333336, 0.6333333333333334, 0.2333333333333333)
  (0.16666666666666666, 0.6666666666666667, 0.16666666666666669)
  (0.13333333333333336, 0.7333333333333334, 0.13333333333333333)
  (0.06666666666666667, 0.7666666666666666, 0.16666666666666669)
  (0.03333333333333333, 0.7333333333333334, 0.23333333333333334)
  (0.06666666666666667, 0.6666666666666667, 0.26666666666666666)
};

\addplot3+[
  forget plot, fill=pastelBlue, draw=white
] coordinates {
  (0.13333333333333336, 0.5333333333333334, 0.33333333333333326)
  (0.16666666666666666, 0.5666666666666667, 0.26666666666666666)
  (0.13333333333333336, 0.6333333333333334, 0.2333333333333333)
  (0.06666666666666667, 0.6666666666666667, 0.26666666666666666)
  (0.03333333333333333, 0.6333333333333333, 0.3333333333333333)
  (0.06666666666666667, 0.5666666666666667, 0.36666666666666664)
};

\addplot3+[
  forget plot, fill=pastelBlue, draw=white
] coordinates {
  (0.13333333333333336, 0.43333333333333335, 0.43333333333333335)
  (0.16666666666666666, 0.4666666666666667, 0.3666666666666667)
  (0.13333333333333336, 0.5333333333333333, 0.33333333333333337)
  (0.06666666666666667, 0.5666666666666667, 0.3666666666666667)
  (0.03333333333333333, 0.5333333333333333, 0.43333333333333335)
  (0.06666666666666667, 0.4666666666666667, 0.4666666666666667)
};

\addplot3+[
  forget plot, fill=pastelBlue, draw=white
] coordinates {
  (0.13333333333333336, 0.33333333333333326, 0.5333333333333334)
  (0.16666666666666666, 0.36666666666666664, 0.46666666666666673)
  (0.13333333333333336, 0.43333333333333335, 0.43333333333333335)
  (0.06666666666666667, 0.4666666666666667, 0.4666666666666667)
  (0.03333333333333333, 0.43333333333333335, 0.5333333333333333)
  (0.06666666666666667, 0.3666666666666666, 0.5666666666666668)
};

\addplot3+[
  forget plot, fill=pastelBlue, draw=white
] coordinates {
  (0.13333333333333336, 0.23333333333333328, 0.6333333333333334)
  (0.16666666666666666, 0.2666666666666667, 0.5666666666666667)
  (0.13333333333333336, 0.33333333333333337, 0.5333333333333333)
  (0.06666666666666667, 0.3666666666666667, 0.5666666666666667)
  (0.03333333333333333, 0.33333333333333337, 0.6333333333333333)
  (0.06666666666666667, 0.2666666666666666, 0.6666666666666667)
};

\addplot3+[
  forget plot, fill=pastelBlue, draw=white
] coordinates {
  (0.03333333333333334, 0.9333333333333333, 0.03333333333333333)
  (0.06666666666666668, 0.9666666666666667, -0.03333333333333334)
  (0.03333333333333334, 1.0333333333333334, -0.06666666666666668)
  (-0.03333333333333334, 1.0666666666666669, -0.03333333333333333)
  (-0.06666666666666668, 1.0333333333333332, 0.03333333333333334)
  (-0.03333333333333334, 0.9666666666666668, 0.06666666666666668)
};

\addplot3+[
  forget plot, fill=pastelBlue, draw=white
] coordinates {
  (0.03333333333333334, 0.8333333333333333, 0.13333333333333336)
  (0.06666666666666668, 0.8666666666666667, 0.06666666666666667)
  (0.03333333333333334, 0.9333333333333333, 0.03333333333333333)
  (-0.03333333333333334, 0.9666666666666668, 0.06666666666666668)
  (-0.06666666666666668, 0.9333333333333333, 0.13333333333333336)
  (-0.03333333333333334, 0.8666666666666667, 0.16666666666666669)
};

\addplot3+[
  forget plot, fill=pastelBlue, draw=white
] coordinates {
  (0.03333333333333334, 0.7333333333333334, 0.23333333333333334)
  (0.06666666666666668, 0.7666666666666666, 0.16666666666666669)
  (0.03333333333333334, 0.8333333333333333, 0.13333333333333336)
  (-0.03333333333333334, 0.8666666666666667, 0.16666666666666669)
  (-0.06666666666666668, 0.8333333333333333, 0.23333333333333334)
  (-0.03333333333333334, 0.7666666666666668, 0.26666666666666666)
};

\addplot3+[
  forget plot, fill=pastelBlue, draw=white
] coordinates {
  (0.03333333333333334, 0.6333333333333333, 0.3333333333333333)
  (0.06666666666666668, 0.6666666666666667, 0.26666666666666666)
  (0.03333333333333334, 0.7333333333333334, 0.23333333333333334)
  (-0.03333333333333334, 0.7666666666666668, 0.26666666666666666)
  (-0.06666666666666668, 0.7333333333333334, 0.3333333333333333)
  (-0.03333333333333334, 0.6666666666666667, 0.36666666666666664)
};

\addplot3+[
  forget plot, fill=pastelBlue, draw=white
] coordinates {
  (0.03333333333333334, 0.5333333333333333, 0.43333333333333335)
  (0.06666666666666668, 0.5666666666666667, 0.3666666666666667)
  (0.03333333333333334, 0.6333333333333333, 0.33333333333333337)
  (-0.03333333333333334, 0.6666666666666667, 0.3666666666666667)
  (-0.06666666666666668, 0.6333333333333333, 0.43333333333333335)
  (-0.03333333333333334, 0.5666666666666668, 0.4666666666666667)
};

\addplot3+[
  forget plot, fill=pastelBlue, draw=white
] coordinates {
  (0.03333333333333334, 0.43333333333333335, 0.5333333333333333)
  (0.06666666666666668, 0.4666666666666667, 0.4666666666666667)
  (0.03333333333333334, 0.5333333333333333, 0.43333333333333335)
  (-0.03333333333333334, 0.5666666666666668, 0.4666666666666667)
  (-0.06666666666666668, 0.5333333333333333, 0.5333333333333333)
  (-0.03333333333333334, 0.4666666666666667, 0.5666666666666668)
};

\addplot3+[
  fill=pastelPurple, draw=white
] coordinates {
  (0.23333333333333336, -0.06666666666666676, 0.8333333333333334)
  (0.2666666666666667, -0.033333333333333326, 0.7666666666666666)
  (0.23333333333333336, 0.033333333333333326, 0.7333333333333333)
  (0.16666666666666666, 0.06666666666666676, 0.7666666666666666)
  (0.13333333333333333, 0.033333333333333326, 0.8333333333333334)
  (0.16666666666666666, -0.033333333333333326, 0.8666666666666667)
};
\addlegendentry{{}{replace}}

\addplot3+[
  forget plot, fill=pastelPurple, draw=white
] coordinates {
  (0.13333333333333336, 0.1333333333333333, 0.7333333333333334)
  (0.16666666666666666, 0.16666666666666674, 0.6666666666666666)
  (0.13333333333333336, 0.2333333333333334, 0.6333333333333333)
  (0.06666666666666667, 0.2666666666666667, 0.6666666666666666)
  (0.03333333333333333, 0.2333333333333334, 0.7333333333333333)
  (0.06666666666666667, 0.16666666666666663, 0.7666666666666667)
};

\addplot3+[
  forget plot, fill=pastelPurple, draw=white
] coordinates {
  (0.13333333333333336, 0.033333333333333215, 0.8333333333333335)
  (0.16666666666666666, 0.06666666666666665, 0.7666666666666667)
  (0.13333333333333336, 0.1333333333333333, 0.7333333333333334)
  (0.06666666666666667, 0.16666666666666663, 0.7666666666666667)
  (0.03333333333333333, 0.1333333333333333, 0.8333333333333334)
  (0.06666666666666667, 0.06666666666666654, 0.8666666666666668)
};

\addplot3+[
  forget plot, fill=pastelPurple, draw=white
] coordinates {
  (0.13333333333333336, -0.06666666666666665, 0.9333333333333333)
  (0.16666666666666666, -0.033333333333333326, 0.8666666666666667)
  (0.13333333333333336, 0.033333333333333326, 0.8333333333333334)
  (0.06666666666666667, 0.06666666666666665, 0.8666666666666667)
  (0.03333333333333333, 0.033333333333333326, 0.9333333333333333)
  (0.06666666666666667, -0.033333333333333326, 0.9666666666666667)
};

\addplot3+[
  forget plot, fill=pastelPurple, draw=white
] coordinates {
  (0.03333333333333334, 0.33333333333333337, 0.6333333333333333)
  (0.06666666666666668, 0.3666666666666667, 0.5666666666666667)
  (0.03333333333333334, 0.43333333333333346, 0.5333333333333332)
  (-0.03333333333333334, 0.4666666666666668, 0.5666666666666667)
  (-0.06666666666666668, 0.43333333333333335, 0.6333333333333333)
  (-0.03333333333333334, 0.3666666666666667, 0.6666666666666667)
};

\addplot3+[
  forget plot, fill=pastelPurple, draw=white
] coordinates {
  (0.03333333333333334, 0.2333333333333334, 0.7333333333333333)
  (0.06666666666666668, 0.2666666666666667, 0.6666666666666666)
  (0.03333333333333334, 0.3333333333333335, 0.6333333333333332)
  (-0.03333333333333334, 0.3666666666666668, 0.6666666666666666)
  (-0.06666666666666668, 0.33333333333333337, 0.7333333333333333)
  (-0.03333333333333334, 0.2666666666666667, 0.7666666666666667)
};

\addplot3+[
  forget plot, fill=pastelPurple, draw=white
] coordinates {
  (0.03333333333333334, 0.1333333333333333, 0.8333333333333334)
  (0.06666666666666668, 0.16666666666666663, 0.7666666666666667)
  (0.03333333333333334, 0.2333333333333334, 0.7333333333333333)
  (-0.03333333333333334, 0.2666666666666667, 0.7666666666666667)
  (-0.06666666666666668, 0.23333333333333328, 0.8333333333333334)
  (-0.03333333333333334, 0.16666666666666663, 0.8666666666666668)
};

\addplot3+[
  forget plot, fill=pastelPurple, draw=white
] coordinates {
  (0.03333333333333334, 0.033333333333333326, 0.9333333333333333)
  (0.06666666666666668, 0.06666666666666665, 0.8666666666666667)
  (0.03333333333333334, 0.13333333333333341, 0.8333333333333333)
  (-0.03333333333333334, 0.16666666666666674, 0.8666666666666667)
  (-0.06666666666666668, 0.1333333333333333, 0.9333333333333333)
  (-0.03333333333333334, 0.06666666666666665, 0.9666666666666668)
};

\addplot3+[
  forget plot, fill=pastelPurple, draw=white
] coordinates {
  (0.03333333333333334, -0.06666666666666676, 1.0333333333333334)
  (0.06666666666666668, -0.033333333333333326, 0.9666666666666667)
  (0.03333333333333334, 0.03333333333333344, 0.9333333333333332)
  (-0.03333333333333334, 0.06666666666666676, 0.9666666666666667)
  (-0.06666666666666668, 0.033333333333333215, 1.0333333333333334)
  (-0.03333333333333334, -0.033333333333333215, 1.0666666666666667)
};

\end{ternaryaxis}
\end{tikzpicture}

